type: trans_sym
part_a: 14
part_b: 12
trans: [0.7221403287087682, 0.006006841860698553, 9.665815078746531e-05]
error: 0.016401
