type: rot_sym
part_a: 21
part_b: 16
pt: [-0.17316726559733872, -0.26163058754930907, -0.09847530013508111]
nor: [0.7167694504234323, -0.002034580141848414, 0.6973072604120347]
angle: 3.138932
error: 0.044943
