type: ref_sym
part_a: 15
part_b: 13
mid_pt: [0.0006107563815638539, -0.3999318979398856, 0.4787258850823025]
dir: [0.9999159265165874, -0.01251087444602707, 0.003408506868144238]
error: 0.012594
