type: rot_sym
part_a: 19
part_b: 18
pt: [1.2426983771511502, 87.72857925083568, -111.2728152530595]
nor: [-0.007387839649362423, 0.7819844514290448, 0.623254151649655]
angle: 0.005101
error: 0.017038
