type: rot_sym
part_a: 14
part_b: 13
pt: [10.042685117861607, -0.7082273765069845, -9.126418606760248]
nor: [0.03526609467870088, 0.9944217362256123, -0.0994068060454195]
angle: 0.077967
error: 0.028051
