type: rot_sym
part_a: 18
part_b: 16
pt: [0.1676463627976985, -0.0919863308545817, -0.11427210398844814]
nor: [0.684971613159208, -0.02830508083714709, -0.7280197192143046]
angle: 3.140145
error: 0.038580
