type: rot_sym
part_a: 21
part_b: 19
pt: [-0.3623816800200563, -0.22269987968107743, 0.09284915748007137]
nor: [0.002465931478178263, -0.00022969777924869458, 0.999996933205735]
angle: 3.139576
error: 0.046937
