type: rot_sym
part_a: 19
part_b: 17
pt: [-0.1732808955045606, -0.09282981451245374, 0.29849569537920206]
nor: [-0.6905450846934672, -0.01406484058355102, 0.7231525885074682]
angle: 3.128722
error: 0.031330
