type: trans_sym
part_a: 19
part_b: 18
trans: [0.7232118378008702, 0.00024988502237029836, 0.01013735454288514]
error: 0.016889
