type: ref_sym
part_a: 21
part_b: 19
mid_pt: [-0.3622087521376024, -0.22270329681207635, 0.09103644520022212]
dir: [0.001365350120743599, 0.9999386372501844, -0.010993523242885148]
error: 0.047109
