type: rot_sym
part_a: 20
part_b: 17
pt: [0.1813315767144395, -0.26136444906049444, 0.29148817880370503]
nor: [-0.7174455593347132, -0.005082987745812722, -0.6965960325945564]
angle: 3.135979
error: 0.042863
