type: rot_sym
part_a: 13
part_b: 12
pt: [7.445958753975517, 0.5627230541577132, 0.039183401876761524]
nor: [-0.0009153060354567234, -0.9982271380365844, 0.059512545754246145]
angle: 0.109392
error: 0.023058
