type: trans_sym
part_a: 15
part_b: 14
trans: [-0.001964463582586118, -0.06120481057862914, -0.7720078708519905]
error: 0.014538
