type: rot_sym
part_a: 21
part_b: 20
pt: [-0.0006347651088153104, -0.39872513900790324, 0.095574067492577]
nor: [-0.0001468878190083529, 0.002496306852138262, 0.9999968734331466]
angle: 3.141527
error: 0.012403
