type: ref_sym
part_a: 14
part_b: 12
mid_pt: [-0.000869002079410014, -0.45362166887314004, -0.2944628180485188]
dir: [0.9999653973708085, 0.00831782102367454, 0.00013384490841847883]
error: 0.016414
