type: rot_sym
part_a: 14
part_b: 12
pt: [-0.0008540985690395999, -0.4521718264665876, -0.302429376537277]
nor: [0.0007517914327370838, 0.999996512070456, 0.002531927440487182]
angle: 3.097452
error: 0.016097
