type: trans_sym
part_a: 15
part_b: 13
trans: [0.7211709184655437, -0.009023237430050846, 0.0024583227084491455]
error: 0.011609
