type: ref_sym
part_a: 14
part_b: 13
mid_pt: [-0.000371475409729205, -0.43053430322920017, 0.09272194965630726]
dir: [0.6816435994767542, 0.049187519004552135, 0.7300291715175161]
error: 0.040522
