type: trans_sym
part_a: 21
part_b: 18
trans: [0.7236922830591221, 0.3521125827370048, 0.006268906418640613]
error: 0.047768
