type: trans_sym
part_a: 20
part_b: 18
trans: [6.368698265635242e-05, 0.35232229330523934, 0.0030311694919686882]
error: 0.047793
