type: ref_sym
part_a: 19
part_b: 18
mid_pt: [-0.00036261060804126943, -0.04664700544357396, 0.09417089840954243]
dir: [0.9999017148289157, 0.0003454872408309778, 0.014015752593433772]
error: 0.021452
