type: rot_sym
part_a: 21
part_b: 17
pt: [-0.16979221678241108, -0.2638274893716187, 0.2846075232324981]
nor: [-0.7087598055027713, 0.002834341622855759, 0.7054441895793309]
angle: 3.134095
error: 0.042960
