type: rot_sym
part_a: 15
part_b: 13
pt: [0.00013271044170304553, -0.41345530637590727, 0.6405570981640575]
nor: [0.007739923862265953, -0.9999534642395774, 0.005758726758088855]
angle: 2.298156
error: 0.013847
