type: rot_sym
part_a: 20
part_b: 18
pt: [0.36322878564913863, -0.22269432522066573, 0.09770451383545173]
nor: [0.9999798761122094, -0.005882895556904549, -0.00237463902032349]
angle: 3.141426
error: 0.047874
