type: trans_sym
part_a: 21
part_b: 20
trans: [0.7236285960764659, -0.0002097105682345446, 0.0032377369266719247]
error: 0.012559
