type: rot_sym
part_a: 20
part_b: 19
pt: [76.34949760896589, 150.76837122254724, -305.8992221318049]
nor: [-0.37877063489507684, -0.7895304597386283, -0.4828814132746163]
angle: 0.002300
error: 0.047190
