type: rot_sym
part_a: 15
part_b: 14
pt: [-0.20262171242813093, -0.4421797919800773, 0.09127213963330309]
nor: [0.043023244651310445, -0.9990325922674287, -0.009103845731077361]
angle: 2.366296
error: 0.024925
