type: ref_sym
part_a: 21
part_b: 20
mid_pt: [-0.0006346767284954591, -0.39873950095351085, 0.09458953772568035]
dir: [0.9999899484440833, -0.0002898012342990405, 0.004474262625790474]
error: 0.013280
