type: ref_sym
part_a: 20
part_b: 19
mid_pt: [-0.00039445409936944564, -0.22280815209619365, 0.09265531366355809]
dir: [-0.8990676034880912, 0.4377206745409094, -0.008834898846718363]
error: 0.046459
