type: trans_sym
part_a: 20
part_b: 19
trans: [-0.7231481508182138, 0.352072408282869, -0.007106185050916453]
error: 0.047191
