type: rot_sym
part_a: 19
part_b: 16
pt: [-0.17903686158180626, -0.09318560166342453, -0.12121534011974103]
nor: [0.6908955871647758, 0.024156620721724344, 0.7225508600171661]
angle: 3.134331
error: 0.035160
