type: ref_sym
part_a: 20
part_b: 18
mid_pt: [0.36121146480106564, -0.22268320958500848, 0.09772399093500066]
dir: [0.00018075672743375154, 0.9999629764758095, 0.008603081113478328]
error: 0.047810
