type: ref_sym
part_a: 17
part_b: 16
mid_pt: [0.00036396659044849854, -0.13145747860861173, 0.0917490088988051]
dir: [-0.019038316649880666, -0.0009906437533445083, -0.9998182640480683]
error: 0.022564
