type: rot_sym
part_a: 20
part_b: 16
pt: [0.17099624435059393, -0.2612054019096231, -0.09878208409091663]
nor: [0.7112984758668677, -0.004040061008682612, -0.7028784789254237]
angle: 3.128559
error: 0.045058
