type: trans_sym
part_a: 15
part_b: 12
trans: [0.7201758651261821, -0.05519796871793059, -0.7719112127012031]
error: 0.014717
