type: ref_sym
part_a: 15
part_b: 14
mid_pt: [-0.3609569346425011, -0.42602268451417474, 0.09149278830208268]
dir: [-0.0025366484747579754, -0.07903179818571382, -0.9968688681516984]
error: 0.027848
