type: rot_sym
part_a: 21
part_b: 18
pt: [-16.941483822870257, 37.67853370565308, -172.21111198417626]
nor: [-0.42708936074150655, 0.8740107667625344, 0.23173229711151166]
angle: 0.004541
error: 0.047699
