type: trans_sym
part_a: 14
part_b: 13
trans: [0.7231353820481299, 0.0521815731485783, 0.7744661935604397]
error: 0.023086
