type: ref_sym
part_a: 13
part_b: 12
mid_pt: [0.36069868894465495, -0.4275308822988509, 0.09277027873170099]
dir: [-0.0012827057071901553, -0.059523031588370544, -0.9982261083424931]
error: 0.041559
