type: trans_sym
part_a: 21
part_b: 19
trans: [0.0004804452582520269, 0.3518626977146345, -0.003868448124244528]
error: 0.047121
