type: trans_sym
part_a: 17
part_b: 16
trans: [-0.014723887519312851, -0.0007661458449398084, -0.7732412445031304]
error: 0.017632
