type: trans_sym
part_a: 13
part_b: 12
trans: [-0.0009950533393616179, -0.046174731287879744, -0.7743695354096523]
error: 0.022803
