type: rot_sym
part_a: 17
part_b: 16
pt: [0.45779479431085224, -26.90846918681676, 0.11170504233631462]
nor: [-0.999773052476451, -0.016559574591669898, 0.013402389013250422]
angle: 0.028876
error: 0.017612
