type: ref_sym
part_a: 21
part_b: 18
mid_pt: [-0.0006028332371672829, -0.2225783543008912, 0.0961051224716647]
dir: [0.8991852924267225, 0.43749873128001326, 0.007789095701578193]
error: 0.047979
