type: rot_sym
part_a: 18
part_b: 17
pt: [0.1756486373206775, -0.09041151626152558, 0.297225479699191]
nor: [-0.6994033231698469, 0.013989608720552068, -0.714590289877228]
angle: 3.138806
error: 0.025924
