type: rot_sym
part_a: 15
part_b: 12
pt: [-0.9739319823040348, -1.408130277364466, -0.8141472242732748]
nor: [0.043137731172154054, 0.9986280067854864, -0.02968569037373997]
angle: 0.761565
error: 0.034128
