type: ref_sym
part_a: 15
part_b: 12
mid_pt: [0.00011322971188304498, -0.42301926358382547, 0.09154111737747642]
dir: [0.681248661499385, -0.05221438835635878, -0.7301875915501904]
error: 0.024531
