type: rot_sym
part_a: 6
part_b: 5
pt: [0.009143603151967262, 0.44840577936262443, -2.3258240963972026]
nor: [0.016702641115710872, 0.9988921440371329, 0.04399439010441772]
angle: 0.350209
error: 0.026279
