type: trans_sym
part_a: 6
part_b: 5
trans: [0.7197970433670489, -0.019881795920683676, 0.0024464975996649763]
error: 0.025035
