type: ref_sym
part_a: 6
part_b: 5
mid_pt: [0.00010066888893547898, 0.3100770863872272, -0.29500535437258546]
dir: [0.9996129779979398, -0.02761070139334738, 0.003397555983039582]
error: 0.023412
